{
 "cells": [
  {
   "cell_type": "markdown",
   "metadata": {},
   "source": [
    "## Provide list of paths for edits and run trials -> (maybe analyze results and add to CSV)"
   ]
  },
  {
   "cell_type": "code",
   "execution_count": 1,
   "metadata": {},
   "outputs": [],
   "source": [
    "# General imports\n",
    "import torch\n",
    "import numpy as np\n",
    "import os, sys\n",
    "import json\n",
    "from tqdm import tqdm\n",
    "from datetime import datetime\n",
    "import pandas as pd"
   ]
  },
  {
   "cell_type": "code",
   "execution_count": 2,
   "metadata": {},
   "outputs": [],
   "source": [
    "# Local imports\n",
    "sys.path.insert(0, 'src')\n",
    "from utils import read_json, read_lists, informal_log, list_to_dict\n",
    "from utils.model_utils import prepare_device\n",
    "from parse_config import ConfigParser\n",
    "# from data_loader import data_loaders\n",
    "import datasets.datasets as module_data\n",
    "import model.model as module_arch\n",
    "from utils.knn_utils import load_and_analyze_knn\n",
    "from utils.analysis_utils import combine_results\n",
    "from edit_knn import main as edit"
   ]
  },
  {
   "cell_type": "code",
   "execution_count": 3,
   "metadata": {},
   "outputs": [],
   "source": [
    "# Obtain timestamp\n",
    "timestamp = datetime.now().strftime(r'%m%d_%H%M%S')"
   ]
  },
  {
   "cell_type": "code",
   "execution_count": 4,
   "metadata": {},
   "outputs": [
    {
     "name": "stdout",
     "output_type": "stream",
     "text": [
      "First key image path: data/cinic-10-imagenet/train/dog/n02114712_211.png\n",
      "First value image path: saved/segmentations/dog/dog-train-n02114712_211/modified_images/felzenszwalb_gaussian_0.png\n"
     ]
    }
   ],
   "source": [
    "# Define constants, paths\n",
    "config_path = 'configs/copies/edit_experiments/cov_identity_trials.json'\n",
    "class_list_path = 'metadata/cinic-10/class_names.txt'\n",
    "# key_image_id = 'dog-train-n02114712_211'\n",
    "target_class_name = 'dog'\n",
    "\n",
    "analyze_in_edit = True\n",
    "# paths_dir = os.path.join('paths', 'edits', key_image_id)\n",
    "paths_dir = os.path.join('paths', 'edits', target_class_name, '0113_155402')\n",
    "\n",
    "key_image_paths = read_lists(os.path.join(paths_dir, 'key_images.txt'))\n",
    "value_image_paths = read_lists(os.path.join(paths_dir, 'value_images.txt'))\n",
    "n_trials = len(value_image_paths)\n",
    "assert len(key_image_paths) == n_trials\n",
    "\n",
    "print(\"First key image path: {}\".format(key_image_paths[0]))\n",
    "print(\"First value image path: {}\".format(value_image_paths[0]))"
   ]
  },
  {
   "cell_type": "code",
   "execution_count": 5,
   "metadata": {},
   "outputs": [],
   "source": [
    "# Load config file\n",
    "config_dict = read_json(config_path)\n",
    "# Load class list and obtain target class idx\n",
    "class_list = read_lists(class_list_path)\n",
    "class_idx_dict = list_to_dict(class_list)\n",
    "target_class_idx = class_idx_dict[target_class_name]\n",
    "\n",
    "# Set K\n",
    "K = config_dict['editor']['K']\n",
    "\n",
    "device, device_ids = prepare_device(config_dict['n_gpu'])"
   ]
  },
  {
   "cell_type": "code",
   "execution_count": 6,
   "metadata": {},
   "outputs": [],
   "source": [
    "# Load datasets\n",
    "data_loader_args = dict(config_dict[\"data_loader\"][\"args\"])\n",
    "dataset_args = dict(config_dict[\"dataset_args\"])\n",
    "\n",
    "# Create validation data loader\n",
    "val_image_paths = read_lists(config_dict['dataset_paths']['valid_images'])\n",
    "val_labels = read_lists(config_dict['dataset_paths']['valid_labels'])\n",
    "val_paths_data_loader = torch.utils.data.DataLoader(\n",
    "    module_data.CINIC10Dataset(\n",
    "        data_dir=\"\",\n",
    "        image_paths=val_image_paths,\n",
    "        labels=val_labels,\n",
    "        return_paths=True,\n",
    "        **dataset_args\n",
    "    ),\n",
    "    **data_loader_args\n",
    ")\n",
    "\n",
    "# Create data loader for covariance matrix\n",
    "covariance_image_paths = read_lists(config_dict['covariance_dataset']['images'])\n",
    "covariance_labels = read_lists(config_dict['covariance_dataset']['labels'])\n",
    "\n",
    "covariance_data_loader = torch.utils.data.DataLoader(\n",
    "    module_data.CINIC10Dataset(\n",
    "        data_dir=\"\",\n",
    "        image_paths=covariance_image_paths,\n",
    "        labels=covariance_labels,\n",
    "        **dataset_args\n",
    "    ),\n",
    "    **data_loader_args\n",
    ")"
   ]
  },
  {
   "cell_type": "markdown",
   "metadata": {},
   "source": [
    "### Create log and save paths"
   ]
  },
  {
   "cell_type": "code",
   "execution_count": 7,
   "metadata": {},
   "outputs": [
    {
     "name": "stdout",
     "output_type": "stream",
     "text": [
      "Saving path to directories for each trial to saved/edit/trials/identity_cov/CINIC10_ImageNet-VGG_16/0117_201313/trial_paths.txt\n",
      "Printing progress reports to saved/edit/trials/identity_cov/CINIC10_ImageNet-VGG_16/0117_201313/progress_report.txt\n"
     ]
    }
   ],
   "source": [
    "# create log path to store the paths to each trial\n",
    "save_root = config_dict['trainer']['save_dir']\n",
    "save_trials_path = os.path.join(save_root, config_dict['name'], timestamp, 'trial_paths.txt')\n",
    "if os.path.exists(save_trials_path):\n",
    "    # os.remove(save_trials_path)\n",
    "    print(\"Path {} already exists. Aborting.\".format(save_trials_path))\n",
    "else:\n",
    "    progress_report_path = os.path.join(save_root, config_dict['name'], timestamp, 'progress_report.txt')\n",
    "    if os.path.exists(progress_report_path):\n",
    "        os.remove(progress_report_path)\n",
    "    print(\"Saving path to directories for each trial to {}\".format(save_trials_path))\n",
    "    print(\"Printing progress reports to {}\".format(progress_report_path))"
   ]
  },
  {
   "cell_type": "markdown",
   "metadata": {},
   "source": [
    "### Ensure all paths for keys and values exist"
   ]
  },
  {
   "cell_type": "code",
   "execution_count": 8,
   "metadata": {},
   "outputs": [],
   "source": [
    "non_existent_key_paths = []\n",
    "non_existent_value_paths = []\n",
    "for key_path, value_path in zip(key_image_paths, value_image_paths):\n",
    "    if not os.path.exists(key_path):\n",
    "        non_existent_key_paths.append(key_path)\n",
    "    if not os.path.exists(value_path):\n",
    "        non_existent_value_paths.append(value_path)\n",
    "\n",
    "if len(non_existent_key_paths) > 0:\n",
    "    raise ValueError(\"Following paths are non existent: {}\".format(non_existent_key_paths))\n",
    "    \n",
    "if len(non_existent_value_paths) > 0:\n",
    "    raise ValueError(\"Following paths are non existent: {}\".format(non_existent_value_paths))"
   ]
  },
  {
   "cell_type": "markdown",
   "metadata": {},
   "source": [
    "## Run edit for each modified image"
   ]
  },
  {
   "cell_type": "code",
   "execution_count": 11,
   "metadata": {
    "scrolled": true,
    "tags": []
   },
   "outputs": [
    {
     "name": "stdout",
     "output_type": "stream",
     "text": [
      "(0117_201637) Starting Trial 1/37...\n",
      "Current run_id: 0117_201313/dog-train-n02114712_211/felzenszwalb_gaussian_0\n",
      "saved/edit/trials/identity_cov/CINIC10_ImageNet-VGG_16/0117_201313/dog-train-n02114712_211/felzenszwalb_gaussian_0\n",
      "Calling edit()...\n",
      "Created ModelWrapperSanturkar model with 33646666 trainable parameters\n",
      "Restored weights from external_code/PyTorch_CIFAR10/cifar10_models/state_dicts/vgg16_bn.pt\n",
      "Using passed in data loader for validation.\n",
      "Key images: data/cinic-10-imagenet/train/dog/n02114712_211.png\n",
      "Value images: saved/segmentations/dog/dog-train-n02114712_211/modified_images/felzenszwalb_gaussian_0.png\n",
      "Masks: None\n",
      "Prepared data for editing\n",
      "Performing pre-edit metric calculations on validation set.\n"
     ]
    },
    {
     "name": "stderr",
     "output_type": "stream",
     "text": [
      "100%|██████████████████████████████████████████| 274/274 [00:07<00:00, 34.46it/s]"
     ]
    },
    {
     "name": "stdout",
     "output_type": "stream",
     "text": [
      "Pre-edit metrics: {'TP': array([6142, 5382, 5203, 3842, 4270, 2990, 5659, 5136, 4820, 4679]), 'TN': array([60115, 61110, 59441, 59902, 60157, 61756, 61050, 61747, 61643,\n",
      "       61202]), 'FPs': array([2885, 1890, 3559, 3098, 2843, 1244, 1950, 1253, 1357, 1798]), 'FNs': array([ 858, 1618, 1797, 3158, 2730, 4010, 1341, 1864, 2180, 2321]), 'accuracy': 0.6874714285714286, 'per_class_accuracy': array([0.94652857, 0.94988571, 0.92348571, 0.91062857, 0.92038571,\n",
      "       0.92494286, 0.95298571, 0.95547143, 0.94947143, 0.94115714]), 'per_class_accuracy_mean': 0.9374942857142857, 'precision': array([0.68040323, 0.74009901, 0.5938142 , 0.55360231, 0.60030929,\n",
      "       0.706188  , 0.74372454, 0.80388167, 0.78031407, 0.72240235]), 'precision_mean': 0.6924738665961387, 'recall': array([0.87742857, 0.76885714, 0.74328571, 0.54885714, 0.61      ,\n",
      "       0.42714286, 0.80842857, 0.73371429, 0.68857143, 0.66842857]), 'recall_mean': 0.6874714285714286, 'f1': array([0.7664566 , 0.75420404, 0.66019541, 0.55121951, 0.60511585,\n",
      "       0.53231262, 0.77472791, 0.76719695, 0.73157775, 0.69436818]), 'f1_mean': 0.6837374824369241}\n",
      "Saved pre-edit metrics saved/edit/trials/identity_cov/CINIC10_ImageNet-VGG_16/0117_201313/dog-train-n02114712_211/felzenszwalb_gaussian_0/models/pre_edit_metrics.pth\n",
      "Using passed in covariance data loader.\n",
      "Looking for covariance matrix weights in cache/cinic-10-imagenet-dummy/vgg16_bn-12\n"
     ]
    },
    {
     "name": "stderr",
     "output_type": "stream",
     "text": [
      "\n"
     ]
    },
    {
     "name": "stdout",
     "output_type": "stream",
     "text": [
      "Found precomputed cov matrices, returning...\n",
      "tensor([[ 1.0000e+00, -1.8504e-05, -3.8476e-05, -1.9159e-05, -4.0293e-05,\n",
      "         -3.1667e-05, -2.4137e-05, -2.9244e-05, -4.0682e-05, -2.2710e-05],\n",
      "        [-1.8504e-05,  1.0000e+00, -2.8878e-05, -1.2513e-05, -2.8300e-05,\n",
      "         -2.1209e-05, -1.7897e-05, -2.0580e-05, -2.4006e-05, -1.4785e-05],\n",
      "        [-3.8476e-05, -2.8878e-05,  1.0000e+00, -2.8741e-05, -6.1447e-05,\n",
      "         -4.6148e-05, -3.9829e-05, -4.5861e-05, -4.7019e-05, -3.5061e-05],\n",
      "        [-1.9159e-05, -1.2513e-05, -2.8741e-05,  1.0000e+00, -2.7411e-05,\n",
      "         -2.1258e-05, -1.7047e-05, -1.9973e-05, -2.4082e-05, -1.5679e-05],\n",
      "        [-4.0293e-05, -2.8300e-05, -6.1447e-05, -2.7411e-05,  1.0000e+00,\n",
      "         -4.6443e-05, -5.1575e-05, -4.8059e-05, -5.6685e-05, -3.6807e-05],\n",
      "        [-3.1667e-05, -2.1209e-05, -4.6148e-05, -2.1258e-05, -4.6443e-05,\n",
      "          1.0000e+00, -2.6984e-05, -3.3795e-05, -4.0129e-05, -2.3401e-05],\n",
      "        [-2.4137e-05, -1.7897e-05, -3.9829e-05, -1.7047e-05, -5.1575e-05,\n",
      "         -2.6984e-05,  1.0000e+00, -2.8577e-05, -3.1210e-05, -3.0226e-05],\n",
      "        [-2.9244e-05, -2.0580e-05, -4.5861e-05, -1.9973e-05, -4.8059e-05,\n",
      "         -3.3795e-05, -2.8577e-05,  1.0000e+00, -3.8494e-05, -2.2827e-05],\n",
      "        [-4.0682e-05, -2.4006e-05, -4.7019e-05, -2.4082e-05, -5.6685e-05,\n",
      "         -4.0129e-05, -3.1210e-05, -3.8494e-05,  1.0000e+00, -2.6560e-05],\n",
      "        [-2.2710e-05, -1.4785e-05, -3.5061e-05, -1.5679e-05, -3.6807e-05,\n",
      "         -2.3401e-05, -3.0226e-05, -2.2827e-05, -2.6560e-05,  1.0000e+00]],\n",
      "       device='cuda:0')\n"
     ]
    },
    {
     "name": "stderr",
     "output_type": "stream",
     "text": [
      "tensor(0.0044, device='cuda:0', grad_fn=<DivBackward0>): 100%|█| 40000/40000 [00:"
     ]
    },
    {
     "name": "stdout",
     "output_type": "stream",
     "text": [
      "Loss (orig, final): 0.06699195504188538 0.004384190775454044\n",
      "L2 norm of weight change: 0.23243588209152222\n",
      "Performing post-edit metric calculations on validation set.\n"
     ]
    },
    {
     "name": "stderr",
     "output_type": "stream",
     "text": [
      "\n",
      "100%|██████████████████████████████████████████| 274/274 [00:07<00:00, 37.03it/s]\n"
     ]
    },
    {
     "name": "stdout",
     "output_type": "stream",
     "text": [
      "Post-edit metrics: {'TP': array([6121, 5282, 5387, 4000, 4311, 3114, 4979, 5173, 4893, 4618]), 'TN': array([60130, 61313, 58643, 59548, 59907, 61510, 62194, 61671, 61531,\n",
      "       61431]), 'FPs': array([2870, 1687, 4357, 3452, 3093, 1490,  806, 1329, 1469, 1569]), 'FNs': array([ 879, 1718, 1613, 3000, 2689, 3886, 2021, 1827, 2107, 2382]), 'accuracy': 0.6839714285714286, 'per_class_accuracy': array([0.94644286, 0.95135714, 0.91471429, 0.90782857, 0.9174    ,\n",
      "       0.9232    , 0.95961429, 0.95491429, 0.94891429, 0.94355714]), 'per_class_accuracy_mean': 0.9367942857142857, 'precision': array([0.6807919 , 0.75792797, 0.55285304, 0.53676865, 0.58225284,\n",
      "       0.67636838, 0.86067416, 0.79560135, 0.76909777, 0.74640375]), 'precision_mean': 0.695873980036039, 'recall': array([0.87442857, 0.75457143, 0.76957143, 0.57142857, 0.61585714,\n",
      "       0.44485714, 0.71128571, 0.739     , 0.699     , 0.65971429]), 'recall_mean': 0.6839714285714285, 'f1': array([0.76555563, 0.75624597, 0.64345437, 0.5535566 , 0.59858373,\n",
      "       0.53671148, 0.7788815 , 0.76625685, 0.73237539, 0.70038674]), 'f1_mean': 0.6832008266709371}\n",
      "Saved post-edit metrics saved/edit/trials/identity_cov/CINIC10_ImageNet-VGG_16/0117_201313/dog-train-n02114712_211/felzenszwalb_gaussian_0/models/post_edit_metrics.pth\n",
      "All metrics and KNN results can be found in saved/edit/trials/identity_cov/CINIC10_ImageNet-VGG_16/0117_201313/dog-train-n02114712_211/felzenszwalb_gaussian_0/models\n",
      "saved/edit/trials/identity_cov/CINIC10_ImageNet-VGG_16/0117_201313/dog-train-n02114712_211/felzenszwalb_gaussian_0/identity\n",
      "Calling edit()...\n",
      "Created ModelWrapperSanturkar model with 33646666 trainable parameters\n",
      "Restored weights from external_code/PyTorch_CIFAR10/cifar10_models/state_dicts/vgg16_bn.pt\n",
      "Using passed in data loader for validation.\n",
      "Key images: data/cinic-10-imagenet/train/dog/n02114712_211.png\n",
      "Value images: saved/segmentations/dog/dog-train-n02114712_211/modified_images/felzenszwalb_gaussian_0.png\n",
      "Masks: None\n",
      "Prepared data for editing\n",
      "Performing pre-edit metric calculations on validation set.\n"
     ]
    },
    {
     "name": "stderr",
     "output_type": "stream",
     "text": [
      "100%|██████████████████████████████████████████| 274/274 [00:08<00:00, 32.51it/s]"
     ]
    },
    {
     "name": "stdout",
     "output_type": "stream",
     "text": [
      "Pre-edit metrics: {'TP': array([6142, 5382, 5203, 3842, 4270, 2990, 5659, 5136, 4820, 4679]), 'TN': array([60115, 61110, 59441, 59902, 60157, 61756, 61050, 61747, 61643,\n",
      "       61202]), 'FPs': array([2885, 1890, 3559, 3098, 2843, 1244, 1950, 1253, 1357, 1798]), 'FNs': array([ 858, 1618, 1797, 3158, 2730, 4010, 1341, 1864, 2180, 2321]), 'accuracy': 0.6874714285714286, 'per_class_accuracy': array([0.94652857, 0.94988571, 0.92348571, 0.91062857, 0.92038571,\n",
      "       0.92494286, 0.95298571, 0.95547143, 0.94947143, 0.94115714]), 'per_class_accuracy_mean': 0.9374942857142857, 'precision': array([0.68040323, 0.74009901, 0.5938142 , 0.55360231, 0.60030929,\n",
      "       0.706188  , 0.74372454, 0.80388167, 0.78031407, 0.72240235]), 'precision_mean': 0.6924738665961387, 'recall': array([0.87742857, 0.76885714, 0.74328571, 0.54885714, 0.61      ,\n",
      "       0.42714286, 0.80842857, 0.73371429, 0.68857143, 0.66842857]), 'recall_mean': 0.6874714285714286, 'f1': array([0.7664566 , 0.75420404, 0.66019541, 0.55121951, 0.60511585,\n",
      "       0.53231262, 0.77472791, 0.76719695, 0.73157775, 0.69436818]), 'f1_mean': 0.6837374824369241}\n",
      "Saved pre-edit metrics saved/edit/trials/identity_cov/CINIC10_ImageNet-VGG_16/0117_201313/dog-train-n02114712_211/felzenszwalb_gaussian_0/identity/models/pre_edit_metrics.pth\n",
      "No data loader for covariance matrix. Will use identity matrix\n",
      "Looking for covariance matrix weights in cache/identity/vgg16_bn-12\n"
     ]
    },
    {
     "name": "stderr",
     "output_type": "stream",
     "text": [
      "\n"
     ]
    },
    {
     "name": "stdout",
     "output_type": "stream",
     "text": [
      "Found precomputed cov matrices, returning...\n",
      "tensor([[1., 0., 0., 0., 0., 0., 0., 0., 0., 0.],\n",
      "        [0., 1., 0., 0., 0., 0., 0., 0., 0., 0.],\n",
      "        [0., 0., 1., 0., 0., 0., 0., 0., 0., 0.],\n",
      "        [0., 0., 0., 1., 0., 0., 0., 0., 0., 0.],\n",
      "        [0., 0., 0., 0., 1., 0., 0., 0., 0., 0.],\n",
      "        [0., 0., 0., 0., 0., 1., 0., 0., 0., 0.],\n",
      "        [0., 0., 0., 0., 0., 0., 1., 0., 0., 0.],\n",
      "        [0., 0., 0., 0., 0., 0., 0., 1., 0., 0.],\n",
      "        [0., 0., 0., 0., 0., 0., 0., 0., 1., 0.],\n",
      "        [0., 0., 0., 0., 0., 0., 0., 0., 0., 1.]], device='cuda:0')\n"
     ]
    },
    {
     "name": "stderr",
     "output_type": "stream",
     "text": [
      "tensor(0.0044, device='cuda:0', grad_fn=<DivBackward0>): 100%|█| 40000/40000 [00:"
     ]
    },
    {
     "name": "stdout",
     "output_type": "stream",
     "text": [
      "Loss (orig, final): 0.06699195504188538 0.004418772179633379\n",
      "L2 norm of weight change: 0.23278287053108215\n",
      "Performing post-edit metric calculations on validation set.\n"
     ]
    },
    {
     "name": "stderr",
     "output_type": "stream",
     "text": [
      "\n",
      "100%|██████████████████████████████████████████| 274/274 [00:09<00:00, 29.33it/s]"
     ]
    },
    {
     "name": "stdout",
     "output_type": "stream",
     "text": [
      "Post-edit metrics: {'TP': array([6121, 5276, 5388, 3999, 4312, 3115, 4981, 5176, 4895, 4616]), 'TN': array([60132, 61315, 58636, 59550, 59906, 61507, 62195, 61671, 61531,\n",
      "       61436]), 'FPs': array([2868, 1685, 4364, 3450, 3094, 1493,  805, 1329, 1469, 1564]), 'FNs': array([ 879, 1724, 1612, 3001, 2688, 3885, 2019, 1824, 2105, 2384]), 'accuracy': 0.6839857142857143, 'per_class_accuracy': array([0.94647143, 0.9513    , 0.91462857, 0.90784286, 0.9174    ,\n",
      "       0.92317143, 0.95965714, 0.95495714, 0.94894286, 0.9436    ]), 'per_class_accuracy_mean': 0.9367971428571428, 'precision': array([0.68094338, 0.75793708, 0.55250205, 0.53685058, 0.58223062,\n",
      "       0.67599826, 0.86087107, 0.79569562, 0.76917033, 0.74692557]), 'precision_mean': 0.6959124562099283, 'recall': array([0.87442857, 0.75371429, 0.76971429, 0.57128571, 0.616     ,\n",
      "       0.445     , 0.71157143, 0.73942857, 0.69928571, 0.65942857]), 'recall_mean': 0.6839857142857142, 'f1': array([0.76565139, 0.75581978, 0.64326648, 0.55353312, 0.59863946,\n",
      "       0.53669883, 0.77913343, 0.76653091, 0.7325651 , 0.70045524]), 'f1_mean': 0.6832293722446743}\n",
      "Saved post-edit metrics saved/edit/trials/identity_cov/CINIC10_ImageNet-VGG_16/0117_201313/dog-train-n02114712_211/felzenszwalb_gaussian_0/identity/models/post_edit_metrics.pth\n",
      "All metrics and KNN results can be found in saved/edit/trials/identity_cov/CINIC10_ImageNet-VGG_16/0117_201313/dog-train-n02114712_211/felzenszwalb_gaussian_0/identity/models\n",
      "Finished trial 1/37. Results saved to saved/edit/trials/identity_cov/CINIC10_ImageNet-VGG_16/0117_201313/dog-train-n02114712_211/felzenszwalb_gaussian_0/identity\n",
      "(0117_201829) Starting Trial 2/37...\n",
      "Current run_id: 0117_201313/dog-train-n02114712_211/felzenszwalb_masked_0\n"
     ]
    },
    {
     "name": "stderr",
     "output_type": "stream",
     "text": [
      "\n"
     ]
    },
    {
     "name": "stdout",
     "output_type": "stream",
     "text": [
      "saved/edit/trials/identity_cov/CINIC10_ImageNet-VGG_16/0117_201313/dog-train-n02114712_211/felzenszwalb_masked_0\n",
      "Calling edit()...\n",
      "Created ModelWrapperSanturkar model with 33646666 trainable parameters\n",
      "Restored weights from external_code/PyTorch_CIFAR10/cifar10_models/state_dicts/vgg16_bn.pt\n",
      "Using passed in data loader for validation.\n",
      "Key images: data/cinic-10-imagenet/train/dog/n02114712_211.png\n",
      "Value images: saved/segmentations/dog/dog-train-n02114712_211/modified_images/felzenszwalb_masked_0.png\n",
      "Masks: None\n",
      "Prepared data for editing\n",
      "Performing pre-edit metric calculations on validation set.\n"
     ]
    },
    {
     "name": "stderr",
     "output_type": "stream",
     "text": [
      "100%|██████████████████████████████████████████| 274/274 [00:09<00:00, 29.89it/s]"
     ]
    },
    {
     "name": "stdout",
     "output_type": "stream",
     "text": [
      "Pre-edit metrics: {'TP': array([6142, 5382, 5203, 3842, 4270, 2990, 5659, 5136, 4820, 4679]), 'TN': array([60115, 61110, 59441, 59902, 60157, 61756, 61050, 61747, 61643,\n",
      "       61202]), 'FPs': array([2885, 1890, 3559, 3098, 2843, 1244, 1950, 1253, 1357, 1798]), 'FNs': array([ 858, 1618, 1797, 3158, 2730, 4010, 1341, 1864, 2180, 2321]), 'accuracy': 0.6874714285714286, 'per_class_accuracy': array([0.94652857, 0.94988571, 0.92348571, 0.91062857, 0.92038571,\n",
      "       0.92494286, 0.95298571, 0.95547143, 0.94947143, 0.94115714]), 'per_class_accuracy_mean': 0.9374942857142857, 'precision': array([0.68040323, 0.74009901, 0.5938142 , 0.55360231, 0.60030929,\n",
      "       0.706188  , 0.74372454, 0.80388167, 0.78031407, 0.72240235]), 'precision_mean': 0.6924738665961387, 'recall': array([0.87742857, 0.76885714, 0.74328571, 0.54885714, 0.61      ,\n",
      "       0.42714286, 0.80842857, 0.73371429, 0.68857143, 0.66842857]), 'recall_mean': 0.6874714285714286, 'f1': array([0.7664566 , 0.75420404, 0.66019541, 0.55121951, 0.60511585,\n",
      "       0.53231262, 0.77472791, 0.76719695, 0.73157775, 0.69436818]), 'f1_mean': 0.6837374824369241}\n",
      "Saved pre-edit metrics saved/edit/trials/identity_cov/CINIC10_ImageNet-VGG_16/0117_201313/dog-train-n02114712_211/felzenszwalb_masked_0/models/pre_edit_metrics.pth\n",
      "Using passed in covariance data loader.\n",
      "Looking for covariance matrix weights in cache/cinic-10-imagenet-dummy/vgg16_bn-12\n"
     ]
    },
    {
     "name": "stderr",
     "output_type": "stream",
     "text": [
      "\n"
     ]
    },
    {
     "name": "stdout",
     "output_type": "stream",
     "text": [
      "Found precomputed cov matrices, returning...\n",
      "tensor([[ 1.0000e+00, -1.8504e-05, -3.8476e-05, -1.9159e-05, -4.0293e-05,\n",
      "         -3.1667e-05, -2.4137e-05, -2.9244e-05, -4.0682e-05, -2.2710e-05],\n",
      "        [-1.8504e-05,  1.0000e+00, -2.8878e-05, -1.2513e-05, -2.8300e-05,\n",
      "         -2.1209e-05, -1.7897e-05, -2.0580e-05, -2.4006e-05, -1.4785e-05],\n",
      "        [-3.8476e-05, -2.8878e-05,  1.0000e+00, -2.8741e-05, -6.1447e-05,\n",
      "         -4.6148e-05, -3.9829e-05, -4.5861e-05, -4.7019e-05, -3.5061e-05],\n",
      "        [-1.9159e-05, -1.2513e-05, -2.8741e-05,  1.0000e+00, -2.7411e-05,\n",
      "         -2.1258e-05, -1.7047e-05, -1.9973e-05, -2.4082e-05, -1.5679e-05],\n",
      "        [-4.0293e-05, -2.8300e-05, -6.1447e-05, -2.7411e-05,  1.0000e+00,\n",
      "         -4.6443e-05, -5.1575e-05, -4.8059e-05, -5.6685e-05, -3.6807e-05],\n",
      "        [-3.1667e-05, -2.1209e-05, -4.6148e-05, -2.1258e-05, -4.6443e-05,\n",
      "          1.0000e+00, -2.6984e-05, -3.3795e-05, -4.0129e-05, -2.3401e-05],\n",
      "        [-2.4137e-05, -1.7897e-05, -3.9829e-05, -1.7047e-05, -5.1575e-05,\n",
      "         -2.6984e-05,  1.0000e+00, -2.8577e-05, -3.1210e-05, -3.0226e-05],\n",
      "        [-2.9244e-05, -2.0580e-05, -4.5861e-05, -1.9973e-05, -4.8059e-05,\n",
      "         -3.3795e-05, -2.8577e-05,  1.0000e+00, -3.8494e-05, -2.2827e-05],\n",
      "        [-4.0682e-05, -2.4006e-05, -4.7019e-05, -2.4082e-05, -5.6685e-05,\n",
      "         -4.0129e-05, -3.1210e-05, -3.8494e-05,  1.0000e+00, -2.6560e-05],\n",
      "        [-2.2710e-05, -1.4785e-05, -3.5061e-05, -1.5679e-05, -3.6807e-05,\n",
      "         -2.3401e-05, -3.0226e-05, -2.2827e-05, -2.6560e-05,  1.0000e+00]],\n",
      "       device='cuda:0')\n"
     ]
    },
    {
     "name": "stderr",
     "output_type": "stream",
     "text": [
      "tensor(0.0039, device='cuda:0', grad_fn=<DivBackward0>): 100%|█| 40000/40000 [00:"
     ]
    },
    {
     "name": "stdout",
     "output_type": "stream",
     "text": [
      "Loss (orig, final): 0.06650912016630173 0.003872509114444256\n",
      "L2 norm of weight change: 0.22631625831127167\n",
      "Performing post-edit metric calculations on validation set.\n"
     ]
    },
    {
     "name": "stderr",
     "output_type": "stream",
     "text": [
      "\n",
      "100%|██████████████████████████████████████████| 274/274 [00:09<00:00, 27.71it/s]"
     ]
    },
    {
     "name": "stdout",
     "output_type": "stream",
     "text": [
      "Post-edit metrics: {'TP': array([6107, 5342, 5350, 4045, 4207, 3240, 5050, 5188, 4901, 4595]), 'TN': array([60218, 61207, 58911, 59431, 60213, 61271, 62145, 61655, 61532,\n",
      "       61442]), 'FPs': array([2782, 1793, 4089, 3569, 2787, 1729,  855, 1345, 1468, 1558]), 'FNs': array([ 893, 1658, 1650, 2955, 2793, 3760, 1950, 1812, 2099, 2405]), 'accuracy': 0.6860714285714286, 'per_class_accuracy': array([0.9475    , 0.9507    , 0.91801429, 0.9068    , 0.92028571,\n",
      "       0.92158571, 0.95992857, 0.9549    , 0.94904286, 0.94338571]), 'per_class_accuracy_mean': 0.9372142857142857, 'precision': array([0.68702891, 0.74870357, 0.56679733, 0.53125821, 0.60151558,\n",
      "       0.65204266, 0.85520745, 0.79412215, 0.76950856, 0.74679018]), 'precision_mean': 0.6952974615291001, 'recall': array([0.87242857, 0.76314286, 0.76428571, 0.57785714, 0.601     ,\n",
      "       0.46285714, 0.72142857, 0.74114286, 0.70014286, 0.65642857]), 'recall_mean': 0.6860714285714284, 'f1': array([0.76870791, 0.75585426, 0.65089117, 0.55357876, 0.60125768,\n",
      "       0.54139861, 0.78264239, 0.76671839, 0.73318872, 0.69869992]), 'f1_mean': 0.6852937817364976}\n"
     ]
    },
    {
     "name": "stderr",
     "output_type": "stream",
     "text": [
      "\n"
     ]
    },
    {
     "name": "stdout",
     "output_type": "stream",
     "text": [
      "Saved post-edit metrics saved/edit/trials/identity_cov/CINIC10_ImageNet-VGG_16/0117_201313/dog-train-n02114712_211/felzenszwalb_masked_0/models/post_edit_metrics.pth\n",
      "All metrics and KNN results can be found in saved/edit/trials/identity_cov/CINIC10_ImageNet-VGG_16/0117_201313/dog-train-n02114712_211/felzenszwalb_masked_0/models\n",
      "saved/edit/trials/identity_cov/CINIC10_ImageNet-VGG_16/0117_201313/dog-train-n02114712_211/felzenszwalb_masked_0/identity\n",
      "Calling edit()...\n",
      "Created ModelWrapperSanturkar model with 33646666 trainable parameters\n",
      "Restored weights from external_code/PyTorch_CIFAR10/cifar10_models/state_dicts/vgg16_bn.pt\n",
      "Using passed in data loader for validation.\n",
      "Key images: data/cinic-10-imagenet/train/dog/n02114712_211.png\n",
      "Value images: saved/segmentations/dog/dog-train-n02114712_211/modified_images/felzenszwalb_masked_0.png\n",
      "Masks: None\n",
      "Prepared data for editing\n",
      "Performing pre-edit metric calculations on validation set.\n"
     ]
    },
    {
     "name": "stderr",
     "output_type": "stream",
     "text": [
      "100%|██████████████████████████████████████████| 274/274 [00:09<00:00, 28.08it/s]"
     ]
    },
    {
     "name": "stdout",
     "output_type": "stream",
     "text": [
      "Pre-edit metrics: {'TP': array([6142, 5382, 5203, 3842, 4270, 2990, 5659, 5136, 4820, 4679]), 'TN': array([60115, 61110, 59441, 59902, 60157, 61756, 61050, 61747, 61643,\n",
      "       61202]), 'FPs': array([2885, 1890, 3559, 3098, 2843, 1244, 1950, 1253, 1357, 1798]), 'FNs': array([ 858, 1618, 1797, 3158, 2730, 4010, 1341, 1864, 2180, 2321]), 'accuracy': 0.6874714285714286, 'per_class_accuracy': array([0.94652857, 0.94988571, 0.92348571, 0.91062857, 0.92038571,\n",
      "       0.92494286, 0.95298571, 0.95547143, 0.94947143, 0.94115714]), 'per_class_accuracy_mean': 0.9374942857142857, 'precision': array([0.68040323, 0.74009901, 0.5938142 , 0.55360231, 0.60030929,\n",
      "       0.706188  , 0.74372454, 0.80388167, 0.78031407, 0.72240235]), 'precision_mean': 0.6924738665961387, 'recall': array([0.87742857, 0.76885714, 0.74328571, 0.54885714, 0.61      ,\n",
      "       0.42714286, 0.80842857, 0.73371429, 0.68857143, 0.66842857]), 'recall_mean': 0.6874714285714286, 'f1': array([0.7664566 , 0.75420404, 0.66019541, 0.55121951, 0.60511585,\n",
      "       0.53231262, 0.77472791, 0.76719695, 0.73157775, 0.69436818]), 'f1_mean': 0.6837374824369241}\n",
      "Saved pre-edit metrics saved/edit/trials/identity_cov/CINIC10_ImageNet-VGG_16/0117_201313/dog-train-n02114712_211/felzenszwalb_masked_0/identity/models/pre_edit_metrics.pth\n",
      "No data loader for covariance matrix. Will use identity matrix\n",
      "Looking for covariance matrix weights in cache/identity/vgg16_bn-12\n"
     ]
    },
    {
     "name": "stderr",
     "output_type": "stream",
     "text": [
      "\n"
     ]
    },
    {
     "name": "stdout",
     "output_type": "stream",
     "text": [
      "Found precomputed cov matrices, returning...\n",
      "tensor([[1., 0., 0., 0., 0., 0., 0., 0., 0., 0.],\n",
      "        [0., 1., 0., 0., 0., 0., 0., 0., 0., 0.],\n",
      "        [0., 0., 1., 0., 0., 0., 0., 0., 0., 0.],\n",
      "        [0., 0., 0., 1., 0., 0., 0., 0., 0., 0.],\n",
      "        [0., 0., 0., 0., 1., 0., 0., 0., 0., 0.],\n",
      "        [0., 0., 0., 0., 0., 1., 0., 0., 0., 0.],\n",
      "        [0., 0., 0., 0., 0., 0., 1., 0., 0., 0.],\n",
      "        [0., 0., 0., 0., 0., 0., 0., 1., 0., 0.],\n",
      "        [0., 0., 0., 0., 0., 0., 0., 0., 1., 0.],\n",
      "        [0., 0., 0., 0., 0., 0., 0., 0., 0., 1.]], device='cuda:0')\n"
     ]
    },
    {
     "name": "stderr",
     "output_type": "stream",
     "text": [
      "tensor(0.0040, device='cuda:0', grad_fn=<DivBackward0>): 100%|█| 40000/40000 [00:"
     ]
    },
    {
     "name": "stdout",
     "output_type": "stream",
     "text": [
      "Loss (orig, final): 0.06650912016630173 0.0039526186883449554\n",
      "L2 norm of weight change: 0.22640109062194824\n",
      "Performing post-edit metric calculations on validation set.\n"
     ]
    },
    {
     "name": "stderr",
     "output_type": "stream",
     "text": [
      "\n",
      "100%|██████████████████████████████████████████| 274/274 [00:09<00:00, 28.41it/s]"
     ]
    },
    {
     "name": "stdout",
     "output_type": "stream",
     "text": [
      "Post-edit metrics: {'TP': array([6106, 5340, 5351, 4047, 4207, 3241, 5053, 5187, 4901, 4594]), 'TN': array([60218, 61209, 58917, 59424, 60211, 61268, 62144, 61658, 61534,\n",
      "       61444]), 'FPs': array([2782, 1791, 4083, 3576, 2789, 1732,  856, 1342, 1466, 1556]), 'FNs': array([ 894, 1660, 1649, 2953, 2793, 3759, 1947, 1813, 2099, 2406]), 'accuracy': 0.6861, 'per_class_accuracy': array([0.94748571, 0.9507    , 0.91811429, 0.90672857, 0.92025714,\n",
      "       0.92155714, 0.95995714, 0.95492857, 0.94907143, 0.9434    ]), 'per_class_accuracy_mean': 0.9372200000000002, 'precision': array([0.6869937 , 0.74884308, 0.56720373, 0.53089335, 0.60134362,\n",
      "       0.65171928, 0.85513623, 0.79445551, 0.76975027, 0.74699187]), 'precision_mean': 0.695333065204666, 'recall': array([0.87228571, 0.76285714, 0.76442857, 0.57814286, 0.601     ,\n",
      "       0.463     , 0.72185714, 0.741     , 0.70014286, 0.65628571]), 'recall_mean': 0.6860999999999999, 'f1': array([0.76863041, 0.75578515, 0.6512109 , 0.55351159, 0.60117176,\n",
      "       0.54138478, 0.78286467, 0.76679725, 0.73329842, 0.69870722]), 'f1_mean': 0.6853362171671746}\n",
      "Saved post-edit metrics saved/edit/trials/identity_cov/CINIC10_ImageNet-VGG_16/0117_201313/dog-train-n02114712_211/felzenszwalb_masked_0/identity/models/post_edit_metrics.pth\n",
      "All metrics and KNN results can be found in saved/edit/trials/identity_cov/CINIC10_ImageNet-VGG_16/0117_201313/dog-train-n02114712_211/felzenszwalb_masked_0/identity/models\n",
      "Finished trial 2/37. Results saved to saved/edit/trials/identity_cov/CINIC10_ImageNet-VGG_16/0117_201313/dog-train-n02114712_211/felzenszwalb_masked_0/identity\n",
      "(0117_202028) Starting Trial 3/37...\n",
      "Current run_id: 0117_201313/dog-train-n02114712_211/felzenszwalb_masked_1\n"
     ]
    },
    {
     "name": "stderr",
     "output_type": "stream",
     "text": [
      "\n"
     ]
    },
    {
     "name": "stdout",
     "output_type": "stream",
     "text": [
      "saved/edit/trials/identity_cov/CINIC10_ImageNet-VGG_16/0117_201313/dog-train-n02114712_211/felzenszwalb_masked_1\n",
      "Calling edit()...\n",
      "Created ModelWrapperSanturkar model with 33646666 trainable parameters\n",
      "Restored weights from external_code/PyTorch_CIFAR10/cifar10_models/state_dicts/vgg16_bn.pt\n",
      "Using passed in data loader for validation.\n",
      "Key images: data/cinic-10-imagenet/train/dog/n02114712_211.png\n",
      "Value images: saved/segmentations/dog/dog-train-n02114712_211/modified_images/felzenszwalb_masked_1.png\n",
      "Masks: None\n",
      "Prepared data for editing\n",
      "Performing pre-edit metric calculations on validation set.\n"
     ]
    },
    {
     "name": "stderr",
     "output_type": "stream",
     "text": [
      "100%|██████████████████████████████████████████| 274/274 [00:10<00:00, 27.13it/s]"
     ]
    },
    {
     "name": "stdout",
     "output_type": "stream",
     "text": [
      "Pre-edit metrics: {'TP': array([6142, 5382, 5203, 3842, 4270, 2990, 5659, 5136, 4820, 4679]), 'TN': array([60115, 61110, 59441, 59902, 60157, 61756, 61050, 61747, 61643,\n",
      "       61202]), 'FPs': array([2885, 1890, 3559, 3098, 2843, 1244, 1950, 1253, 1357, 1798]), 'FNs': array([ 858, 1618, 1797, 3158, 2730, 4010, 1341, 1864, 2180, 2321]), 'accuracy': 0.6874714285714286, 'per_class_accuracy': array([0.94652857, 0.94988571, 0.92348571, 0.91062857, 0.92038571,\n",
      "       0.92494286, 0.95298571, 0.95547143, 0.94947143, 0.94115714]), 'per_class_accuracy_mean': 0.9374942857142857, 'precision': array([0.68040323, 0.74009901, 0.5938142 , 0.55360231, 0.60030929,\n",
      "       0.706188  , 0.74372454, 0.80388167, 0.78031407, 0.72240235]), 'precision_mean': 0.6924738665961387, 'recall': array([0.87742857, 0.76885714, 0.74328571, 0.54885714, 0.61      ,\n",
      "       0.42714286, 0.80842857, 0.73371429, 0.68857143, 0.66842857]), 'recall_mean': 0.6874714285714286, 'f1': array([0.7664566 , 0.75420404, 0.66019541, 0.55121951, 0.60511585,\n",
      "       0.53231262, 0.77472791, 0.76719695, 0.73157775, 0.69436818]), 'f1_mean': 0.6837374824369241}\n"
     ]
    },
    {
     "name": "stderr",
     "output_type": "stream",
     "text": [
      "\n"
     ]
    },
    {
     "name": "stdout",
     "output_type": "stream",
     "text": [
      "Saved pre-edit metrics saved/edit/trials/identity_cov/CINIC10_ImageNet-VGG_16/0117_201313/dog-train-n02114712_211/felzenszwalb_masked_1/models/pre_edit_metrics.pth\n",
      "Using passed in covariance data loader.\n",
      "Looking for covariance matrix weights in cache/cinic-10-imagenet-dummy/vgg16_bn-12\n",
      "Found precomputed cov matrices, returning...\n",
      "tensor([[ 1.0000e+00, -1.8504e-05, -3.8476e-05, -1.9159e-05, -4.0293e-05,\n",
      "         -3.1667e-05, -2.4137e-05, -2.9244e-05, -4.0682e-05, -2.2710e-05],\n",
      "        [-1.8504e-05,  1.0000e+00, -2.8878e-05, -1.2513e-05, -2.8300e-05,\n",
      "         -2.1209e-05, -1.7897e-05, -2.0580e-05, -2.4006e-05, -1.4785e-05],\n",
      "        [-3.8476e-05, -2.8878e-05,  1.0000e+00, -2.8741e-05, -6.1447e-05,\n",
      "         -4.6148e-05, -3.9829e-05, -4.5861e-05, -4.7019e-05, -3.5061e-05],\n",
      "        [-1.9159e-05, -1.2513e-05, -2.8741e-05,  1.0000e+00, -2.7411e-05,\n",
      "         -2.1258e-05, -1.7047e-05, -1.9973e-05, -2.4082e-05, -1.5679e-05],\n",
      "        [-4.0293e-05, -2.8300e-05, -6.1447e-05, -2.7411e-05,  1.0000e+00,\n",
      "         -4.6443e-05, -5.1575e-05, -4.8059e-05, -5.6685e-05, -3.6807e-05],\n",
      "        [-3.1667e-05, -2.1209e-05, -4.6148e-05, -2.1258e-05, -4.6443e-05,\n",
      "          1.0000e+00, -2.6984e-05, -3.3795e-05, -4.0129e-05, -2.3401e-05],\n",
      "        [-2.4137e-05, -1.7897e-05, -3.9829e-05, -1.7047e-05, -5.1575e-05,\n",
      "         -2.6984e-05,  1.0000e+00, -2.8577e-05, -3.1210e-05, -3.0226e-05],\n",
      "        [-2.9244e-05, -2.0580e-05, -4.5861e-05, -1.9973e-05, -4.8059e-05,\n",
      "         -3.3795e-05, -2.8577e-05,  1.0000e+00, -3.8494e-05, -2.2827e-05],\n",
      "        [-4.0682e-05, -2.4006e-05, -4.7019e-05, -2.4082e-05, -5.6685e-05,\n",
      "         -4.0129e-05, -3.1210e-05, -3.8494e-05,  1.0000e+00, -2.6560e-05],\n",
      "        [-2.2710e-05, -1.4785e-05, -3.5061e-05, -1.5679e-05, -3.6807e-05,\n",
      "         -2.3401e-05, -3.0226e-05, -2.2827e-05, -2.6560e-05,  1.0000e+00]],\n",
      "       device='cuda:0')\n"
     ]
    },
    {
     "name": "stderr",
     "output_type": "stream",
     "text": [
      "tensor(0.0034, device='cuda:0', grad_fn=<DivBackward0>): 100%|█| 40000/40000 [00:"
     ]
    },
    {
     "name": "stdout",
     "output_type": "stream",
     "text": [
      "Loss (orig, final): 0.10497648268938065 0.0034496893640607595\n",
      "L2 norm of weight change: 0.3796534836292267\n",
      "Performing post-edit metric calculations on validation set.\n"
     ]
    },
    {
     "name": "stderr",
     "output_type": "stream",
     "text": [
      "\n",
      "100%|██████████████████████████████████████████| 274/274 [00:10<00:00, 26.18it/s]\n"
     ]
    },
    {
     "name": "stdout",
     "output_type": "stream",
     "text": [
      "Post-edit metrics: {'TP': array([6039, 5505, 5376, 3574, 3758, 4052, 4225, 5258, 4835, 4382]), 'TN': array([60527, 60897, 58849, 60381, 61225, 57561, 62725, 61534, 61614,\n",
      "       61691]), 'FPs': array([2473, 2103, 4151, 2619, 1775, 5439,  275, 1466, 1386, 1309]), 'FNs': array([ 961, 1495, 1624, 3426, 3242, 2948, 2775, 1742, 2165, 2618]), 'accuracy': 0.6714857142857142, 'per_class_accuracy': array([0.95094286, 0.9486    , 0.9175    , 0.91364286, 0.92832857,\n",
      "       0.88018571, 0.95642857, 0.95417143, 0.94927143, 0.9439    ]), 'per_class_accuracy_mean': 0.9342971428571427, 'precision': array([0.70946898, 0.72358044, 0.56429096, 0.57710318, 0.67919754,\n",
      "       0.42693078, 0.93888889, 0.78197501, 0.77720624, 0.7699877 ]), 'precision_mean': 0.6948629729264275, 'recall': array([0.86271429, 0.78642857, 0.768     , 0.51057143, 0.53685714,\n",
      "       0.57885714, 0.60357143, 0.75114286, 0.69071429, 0.626     ]), 'recall_mean': 0.6714857142857144, 'f1': array([0.778623  , 0.7536966 , 0.65057179, 0.54180247, 0.5996968 ,\n",
      "       0.49141956, 0.73478261, 0.76624891, 0.73141215, 0.69056812]), 'f1_mean': 0.6738822013601482}\n",
      "Saved post-edit metrics saved/edit/trials/identity_cov/CINIC10_ImageNet-VGG_16/0117_201313/dog-train-n02114712_211/felzenszwalb_masked_1/models/post_edit_metrics.pth\n",
